
2522,1,1,2010-2011,80,30,CTDL
470,2,2,2011-2012,100,10,INT011
442,3,5,2019-2020,120,50,INT000
372,1,2,2016-2017,50,10,CTDL
1422,3,5,2016-2017,50,20,INT1433
485,2,5,2013-2014,70,15,INT1410
940,1,3,2014-2015,50,10,INT1154
746,1,3,2015-2016,80,40,BAS1203
789,1,5,2009-2010,70,10,BAS1143
1219,1,3,2017-2018,60,20,ELE1433
1272,2,1,2020-2021,130,40,INT1339
1986,1,2,2013-2014,120,50,INT1358
1493,1,2,2012-2013,60,25,INT13
2049,1,3,2008-2009,70,20,INT1319
2339,21,1,212-2020,21,21,CTDL
4481,3,5,2012-2013,75,20,INT1344
3945,1,5,2014-2015,90,30,INT14107
3111,2,2,2015-2016,90,40,BAS1201
2541,2,3,2015-2016,110,40,BAS1204
3089,1,5,2011-2012,40,20,INT1313
2555,3,2,2020-2021,70,15,INT1491
3471,1,4,2018-2019,60,20,KTPM
3808,2,3,2015-2016,90,30,BAS1227
3660,1,4,2014-2015,150,60,BAS1105-7
3499,2,2,2018-2019,160,60,BAS1106
3759,2,4,2016-2017,150,50,BAS1122
4066,3,1,2019-2020,80,30,BAS1226
4037,2,1,2020-2021,80,35,INT1332
3966,2,4,2020-2021,140,60,INT1488
4167,2,3,2020-2021,100,35,ELE1433
4868,3,4,2019-2020,140,40,INT13